%YAML:1.0
---
K: !!opencv-matrix
   rows: 3
   cols: 3
   dt: d
   data: [ 1.9108003992584977e+03, 0., 2.9999991039811542e+00, 0.,
       4.4474788314332045e+03, 4.5000287030030917e+00, 0., 0., 1. ]
distanceCoeffs: !!opencv-matrix
   rows: 5
   cols: 1
   dt: d
   data: [ -3.2147835919453062e-02, 2.0615295790538866e-04,
       1.1220746856101637e-03, 2.8772496340542851e-04,
       -3.6830695237607522e-07 ]
