%YAML:1.0
---
K: !!opencv-matrix
   rows: 3
   cols: 3
   dt: d
   data: [ 4.7703360567259060e+03, 0., 4.5000000000000000e+00, 0.,
       4.7703360567259060e+03, 3., 0., 0., 1. ]
distanceCoeffs: !!opencv-matrix
   rows: 5
   cols: 1
   dt: d
   data: [ -7.1116999331860761e-02, -8.7342043586467866e-01, 0., 0.,
       1.3774676963393662e+00 ]
error: 5.8571308488611944e+00
